Payment Date,Monthly Payment,Principal,Interest,Total Interest Paid,Remaining Balance
05/13/2019,416.58,375.15,41.43,41.43,14969.03
05/13/2019,416.58,376.16,40.42,81.85,14592.87
05/13/2019,416.58,377.18,39.4,121.25,14215.69
05/13/2019,416.58,378.2,38.38,159.63,13837.49
05/13/2019,416.58,379.22,37.36,196.99,13458.27
05/13/2019,416.58,380.24,36.34,233.33,13078.03
05/13/2019,416.58,381.27,35.31,268.64,12696.76
05/13/2019,416.58,382.3,34.28,302.92,12314.46
05/13/2019,416.58,383.33,33.25,336.17,11931.13
05/13/2019,416.58,384.37,32.21,368.38,11546.76
05/13/2019,416.58,385.4,31.18,399.56,11161.36
05/13/2019,416.58,386.44,30.14,429.7,10774.92
05/13/2019,416.58,387.49,29.09,458.79,10387.43
05/13/2019,416.58,388.53,28.05,486.84,9998.9
05/13/2019,416.58,389.58,27.0,513.84,9609.32
05/13/2019,416.58,390.63,25.95,539.79,9218.69
05/13/2019,416.58,391.69,24.89,564.68,8827.0
05/13/2019,416.58,392.75,23.83,588.51,8434.25
05/13/2019,416.58,393.81,22.77,611.28,8040.44
05/13/2019,416.58,394.87,21.71,632.99,7645.57
05/13/2019,416.58,395.94,20.64,653.63,7249.63
05/13/2019,416.58,397.01,19.57,673.2,6852.62
05/13/2019,416.58,398.08,18.5,691.7,6454.54
05/13/2019,416.58,399.15,17.43,709.13,6055.39
05/13/2019,416.58,400.23,16.35,725.48,5655.16
05/13/2019,416.58,401.31,15.27,740.75,5253.85
05/13/2019,416.58,402.39,14.19,754.94,4851.46
05/13/2019,416.58,403.48,13.1,768.04,4447.98
05/13/2019,416.58,404.57,12.01,780.05,4043.41
05/13/2019,416.58,405.66,10.92,790.97,3637.75
05/13/2019,416.58,406.76,9.82,800.79,3230.99
05/13/2019,416.58,407.86,8.72,809.51,2823.13
05/13/2019,416.58,408.96,7.62,817.13,2414.17
05/13/2019,416.58,410.06,6.52,823.65,2004.11
05/13/2019,416.58,411.17,5.41,829.06,1592.94
05/13/2019,416.58,412.28,4.3,833.36,1180.66
05/13/2019,416.58,413.39,3.19,836.55,767.27
05/13/2019,416.58,414.51,2.07,838.62,352.76
05/13/2019,416.58,415.63,0.95,839.57,-62.87
